5
98 147
0 2
2 4
4 6
6 8
8 10
10 12
12 14
14 16
16 18
18 20
20 22
22 24
24 26
26 28
28 30
30 32
32 34
34 36
36 38
38 40
40 42
42 44
44 46
46 48
48 1
1 3
3 5
5 7
7 9
9 11
11 13
13 15
15 17
17 19
19 21
21 23
23 25
25 27
27 29
29 31
31 33
33 35
35 37
37 39
39 41
41 43
43 45
45 47
47 0
0 49
1 50
2 51
3 52
4 53
5 54
6 55
7 56
8 57
9 58
10 59
11 60
12 61
13 62
14 63
15 64
16 65
17 66
18 67
19 68
20 69
21 70
22 71
23 72
24 73
25 74
26 75
27 76
28 77
29 78
30 79
31 80
32 81
33 82
34 83
35 84
36 85
37 86
38 87
39 88
40 89
41 90
42 91
43 92
44 93
45 94
46 95
47 96
48 97
49 50
50 51
51 52
52 53
53 54
54 55
55 56
56 57
57 58
58 59
59 60
60 61
61 62
62 63
63 64
64 65
65 66
66 67
67 68
68 69
69 70
70 71
71 72
72 73
73 74
74 75
75 76
76 77
77 78
78 79
79 80
80 81
81 82
82 83
83 84
84 85
85 86
86 87
87 88
88 89
89 90
90 91
91 92
92 93
93 94
94 95
95 96
96 97
97 49
96 164
0 4
1 5
2 6
3 7
4 8
5 9
6 10
7 11
8 12
9 13
10 14
11 15
12 16
13 17
14 18
15 19
16 20
17 21
18 22
19 23
20 24
21 25
22 26
23 27
24 28
25 29
26 30
27 31
28 32
29 33
30 34
31 35
32 36
33 37
34 38
35 39
36 40
37 41
38 42
39 43
40 44
41 45
42 46
43 47
44 48
45 49
46 50
47 51
48 52
49 53
50 54
51 55
52 56
53 57
54 58
55 59
56 60
57 61
58 62
59 63
60 64
61 65
62 66
63 67
64 68
65 69
66 70
67 71
68 72
69 73
70 74
71 75
72 76
73 77
74 78
75 79
76 80
77 81
78 82
79 83
80 84
81 85
82 86
83 87
84 88
85 89
86 90
87 91
88 92
89 93
90 94
91 95
0 1
1 2
2 3
4 5
5 6
6 7
8 9
9 10
10 11
12 13
13 14
14 15
16 17
17 18
18 19
20 21
21 22
22 23
24 25
25 26
26 27
28 29
29 30
30 31
32 33
33 34
34 35
36 37
37 38
38 39
40 41
41 42
42 43
44 45
45 46
46 47
48 49
49 50
50 51
52 53
53 54
54 55
56 57
57 58
58 59
60 61
61 62
62 63
64 65
65 66
66 67
68 69
69 70
70 71
72 73
73 74
74 75
76 77
77 78
78 79
80 81
81 82
82 83
84 85
85 86
86 87
88 89
89 90
90 91
92 93
93 94
94 95
96 170
0 6
1 7
2 8
3 9
4 10
5 11
6 12
7 13
8 14
9 15
10 16
11 17
12 18
13 19
14 20
15 21
16 22
17 23
18 24
19 25
20 26
21 27
22 28
23 29
24 30
25 31
26 32
27 33
28 34
29 35
30 36
31 37
32 38
33 39
34 40
35 41
36 42
37 43
38 44
39 45
40 46
41 47
42 48
43 49
44 50
45 51
46 52
47 53
48 54
49 55
50 56
51 57
52 58
53 59
54 60
55 61
56 62
57 63
58 64
59 65
60 66
61 67
62 68
63 69
64 70
65 71
66 72
67 73
68 74
69 75
70 76
71 77
72 78
73 79
74 80
75 81
76 82
77 83
78 84
79 85
80 86
81 87
82 88
83 89
84 90
85 91
86 92
87 93
88 94
89 95
0 1
1 2
2 3
3 4
4 5
6 7
7 8
8 9
9 10
10 11
12 13
13 14
14 15
15 16
16 17
18 19
19 20
20 21
21 22
22 23
24 25
25 26
26 27
27 28
28 29
30 31
31 32
32 33
33 34
34 35
36 37
37 38
38 39
39 40
40 41
42 43
43 44
44 45
45 46
46 47
48 49
49 50
50 51
51 52
52 53
54 55
55 56
56 57
57 58
58 59
60 61
61 62
62 63
63 64
64 65
66 67
67 68
68 69
69 70
70 71
72 73
73 74
74 75
75 76
76 77
78 79
79 80
80 81
81 82
82 83
84 85
85 86
86 87
87 88
88 89
90 91
91 92
92 93
93 94
94 95
96 212
0 1
1 2
2 3
3 4
4 5
5 6
6 7
7 8
8 9
9 10
10 11
11 12
12 13
13 14
14 15
0 15
0 32
0 33
0 34
0 35
1 36
1 37
1 38
1 39
2 40
2 41
2 42
2 43
3 44
3 45
3 46
3 47
4 48
4 49
4 50
4 51
5 52
5 53
5 54
5 55
6 56
6 57
6 58
6 59
7 60
7 61
7 62
7 63
8 64
8 65
8 66
8 67
9 68
9 69
9 70
9 71
10 72
10 73
10 74
10 75
11 76
11 77
11 78
11 79
12 80
12 81
12 82
12 83
13 84
13 85
13 86
13 87
14 88
14 89
14 90
14 91
15 92
15 93
15 94
15 95
16 17
16 18
16 19
16 20
16 21
16 22
16 23
17 18
17 19
17 20
17 21
17 22
17 23
18 19
18 20
18 21
18 22
18 23
19 20
19 21
19 22
19 23
20 21
20 22
20 23
21 22
21 23
22 23
16 24
16 25
16 26
16 27
16 28
16 29
16 30
16 31
17 24
17 25
17 26
17 27
17 28
17 29
17 30
17 31
18 24
18 25
18 26
18 27
18 28
18 29
18 30
18 31
19 24
19 25
19 26
19 27
19 28
19 29
19 30
19 31
20 24
20 25
20 26
20 27
20 28
20 29
20 30
20 31
21 24
21 25
21 26
21 27
21 28
21 29
21 30
21 31
22 24
22 25
22 26
22 27
22 28
22 29
22 30
22 31
23 24
23 25
23 26
23 27
23 28
23 29
23 30
23 31
16 32
17 36
18 40
19 44
20 48
21 52
22 56
23 60
24 64
24 65
24 66
24 67
25 68
25 69
25 70
25 71
26 72
26 73
26 74
26 75
27 76
27 77
27 78
27 79
28 80
28 81
28 82
28 83
29 84
29 85
29 86
29 87
30 88
30 89
30 90
30 91
31 92
31 93
31 94
31 95
100 190
0 1
1 2
2 3
3 4
4 5
5 6
6 7
7 8
8 9
0 9
0 20
0 21
0 22
0 23
0 24
0 25
0 26
0 27
1 28
1 29
1 30
1 31
1 32
1 33
1 34
1 35
2 36
2 37
2 38
2 39
2 40
2 41
2 42
2 43
3 44
3 45
3 46
3 47
3 48
3 49
3 50
3 51
4 52
4 53
4 54
4 55
4 56
4 57
4 58
4 59
5 60
5 61
5 62
5 63
5 64
5 65
5 66
5 67
6 68
6 69
6 70
6 71
6 72
6 73
6 74
6 75
7 76
7 77
7 78
7 79
7 80
7 81
7 82
7 83
8 84
8 85
8 86
8 87
8 88
8 89
8 90
8 91
9 92
9 93
9 94
9 95
9 96
9 97
9 98
9 99
10 11
10 12
10 13
10 14
11 12
11 13
11 14
12 13
12 14
13 14
10 15
10 16
10 17
10 18
10 19
11 15
11 16
11 17
11 18
11 19
12 15
12 16
12 17
12 18
12 19
13 15
13 16
13 17
13 18
13 19
14 15
14 16
14 17
14 18
14 19
10 20
10 21
10 22
10 23
10 24
11 28
11 29
11 30
11 31
11 32
12 36
12 37
12 38
12 39
12 40
13 44
13 45
13 46
13 47
13 48
14 52
14 53
14 54
14 55
14 56
15 60
15 61
15 62
15 63
15 64
15 65
15 66
15 67
16 68
16 69
16 70
16 71
16 72
16 73
16 74
16 75
17 76
17 77
17 78
17 79
17 80
17 81
17 82
17 83
18 84
18 85
18 86
18 87
18 88
18 89
18 90
18 91
19 92
19 93
19 94
19 95
19 96
19 97
19 98
19 99