100 1000
2 4
4 5
3 6
5 6
5 7
6 7
4 8
6 8
4 9
3 10
1 11
10 12
10 13
12 13
0 14
2 14
2 15
4 15
5 15
7 15
11 15
13 15
0 16
5 16
8 16
11 16
0 17
3 17
4 17
10 17
11 17
7 18
10 18
14 18
2 19
3 19
8 19
11 19
14 19
17 19
1 20
3 20
6 20
7 20
10 20
15 20
16 20
17 20
1 21
9 21
18 21
19 21
3 22
9 22
12 22
18 22
1 23
4 23
5 23
11 23
14 23
22 23
6 24
9 24
19 24
23 24
4 25
16 25
20 25
14 26
15 26
23 26
0 27
8 27
21 27
23 27
25 27
26 27
21 28
25 28
0 29
4 29
5 29
6 29
13 29
15 29
16 29
19 29
21 29
26 29
28 29
0 30
3 30
4 30
10 30
11 30
12 30
19 30
20 30
28 30
4 31
6 31
7 31
10 31
16 31
30 31
2 32
17 32
19 32
23 32
29 32
30 32
17 33
18 33
20 33
23 33
28 33
32 33
0 34
7 34
10 34
11 34
16 34
19 34
22 34
23 34
24 34
26 34
29 34
31 34
14 35
16 35
24 35
32 35
33 35
0 36
4 36
6 36
12 36
15 36
22 36
25 36
0 37
4 37
6 37
12 37
20 37
23 37
21 38
26 38
31 38
35 38
36 38
12 39
15 39
17 39
19 39
30 39
34 39
35 39
37 39
0 40
4 40
20 40
22 40
25 40
26 40
32 40
17 41
26 41
30 41
34 41
38 41
0 42
9 42
10 42
23 42
27 42
39 42
40 42
5 43
13 43
21 43
26 43
28 43
36 43
4 44
26 44
28 44
29 44
31 44
36 44
41 44
43 44
7 45
9 45
10 45
11 45
23 45
35 45
41 45
0 46
2 46
4 46
19 46
20 46
22 46
23 46
31 46
32 46
35 46
38 46
41 46
44 46
0 47
6 47
9 47
21 47
22 47
23 47
27 47
29 47
32 47
35 47
36 47
37 47
39 47
40 47
42 47
5 48
6 48
16 48
20 48
21 48
26 48
43 48
3 49
12 49
14 49
15 49
17 49
18 49
34 49
35 49
42 49
3 50
11 50
19 50
23 50
29 50
32 50
34 50
36 50
37 50
39 50
43 50
45 50
2 51
7 51
14 51
30 51
34 51
35 51
36 51
39 51
43 51
45 51
1 52
13 52
21 52
22 52
27 52
37 52
42 52
47 52
3 53
15 53
16 53
24 53
26 53
27 53
31 53
32 53
36 53
37 53
39 53
47 53
49 53
3 54
4 54
7 54
15 54
18 54
19 54
20 54
31 54
36 54
38 54
41 54
42 54
50 54
51 54
53 54
0 55
1 55
17 55
24 55
34 55
36 55
48 55
17 56
18 56
25 56
30 56
42 56
47 56
55 56
0 57
13 57
21 57
29 57
30 57
33 57
37 57
52 57
17 58
24 58
26 58
29 58
32 58
33 58
39 58
41 58
43 58
47 58
48 58
57 58
2 59
3 59
4 59
5 59
11 59
13 59
15 59
21 59
28 59
32 59
40 59
43 59
50 59
54 59
57 59
3 60
16 60
18 60
28 60
33 60
34 60
36 60
37 60
38 60
44 60
49 60
56 60
2 61
3 61
9 61
11 61
17 61
21 61
23 61
24 61
26 61
29 61
35 61
36 61
44 61
45 61
49 61
56 61
60 61
7 62
10 62
27 62
29 62
39 62
41 62
46 62
47 62
4 63
7 63
28 63
39 63
40 63
44 63
46 63
48 63
51 63
57 63
60 63
6 64
8 64
20 64
28 64
32 64
39 64
42 64
43 64
48 64
54 64
59 64
63 64
0 65
7 65
10 65
12 65
13 65
16 65
34 65
38 65
40 65
41 65
48 65
52 65
53 65
54 65
4 66
30 66
36 66
37 66
38 66
39 66
45 66
46 66
48 66
50 66
52 66
54 66
56 66
61 66
62 66
65 66
1 67
28 67
31 67
33 67
43 67
46 67
55 67
59 67
62 67
65 67
0 68
7 68
8 68
10 68
13 68
18 68
29 68
30 68
33 68
38 68
39 68
41 68
46 68
48 68
50 68
51 68
52 68
59 68
62 68
66 68
6 69
12 69
13 69
24 69
25 69
28 69
35 69
47 69
51 69
54 69
58 69
62 69
67 69
8 70
13 70
16 70
31 70
38 70
39 70
48 70
51 70
56 70
58 70
66 70
67 70
68 70
5 71
17 71
18 71
19 71
22 71
23 71
24 71
30 71
32 71
33 71
35 71
46 71
49 71
51 71
56 71
58 71
61 71
67 71
8 72
9 72
15 72
28 72
43 72
44 72
47 72
55 72
58 72
64 72
7 73
14 73
17 73
18 73
25 73
27 73
29 73
34 73
43 73
57 73
58 73
62 73
63 73
68 73
71 73
0 74
2 74
4 74
11 74
17 74
21 74
24 74
48 74
49 74
50 74
55 74
65 74
68 74
5 75
21 75
22 75
24 75
34 75
36 75
40 75
41 75
56 75
57 75
62 75
63 75
67 75
6 76
14 76
26 76
27 76
32 76
42 76
43 76
44 76
49 76
53 76
58 76
63 76
66 76
71 76
1 77
13 77
21 77
27 77
29 77
32 77
41 77
47 77
49 77
51 77
54 77
58 77
4 78
6 78
19 78
21 78
25 78
31 78
36 78
42 78
47 78
50 78
58 78
61 78
70 78
72 78
75 78
76 78
16 79
19 79
23 79
29 79
40 79
45 79
59 79
62 79
64 79
74 79
78 79
0 80
2 80
6 80
7 80
16 80
17 80
19 80
22 80
26 80
36 80
39 80
41 80
45 80
49 80
63 80
64 80
67 80
71 80
73 80
77 80
78 80
3 81
9 81
19 81
25 81
28 81
30 81
32 81
34 81
38 81
42 81
43 81
52 81
57 81
58 81
71 81
73 81
13 82
14 82
18 82
20 82
22 82
23 82
24 82
26 82
29 82
31 82
44 82
51 82
52 82
54 82
65 82
72 82
76 82
5 83
7 83
19 83
20 83
28 83
31 83
33 83
43 83
60 83
61 83
67 83
74 83
76 83
77 83
82 83
0 84
2 84
4 84
7 84
14 84
16 84
25 84
27 84
30 84
40 84
45 84
47 84
61 84
72 84
77 84
82 84
9 85
13 85
20 85
21 85
24 85
30 85
31 85
36 85
50 85
54 85
55 85
56 85
58 85
59 85
61 85
67 85
70 85
79 85
80 85
82 85
0 86
2 86
6 86
14 86
31 86
32 86
49 86
54 86
57 86
58 86
62 86
64 86
71 86
74 86
83 86
1 87
2 87
3 87
5 87
6 87
7 87
9 87
10 87
12 87
16 87
18 87
22 87
25 87
27 87
31 87
39 87
43 87
49 87
50 87
53 87
58 87
61 87
67 87
74 87
77 87
79 87
81 87
85 87
1 88
8 88
18 88
23 88
31 88
38 88
47 88
49 88
50 88
60 88
67 88
79 88
86 88
7 89
10 89
12 89
13 89
16 89
17 89
26 89
28 89
30 89
35 89
39 89
66 89
69 89
73 89
75 89
86 89
87 89
12 90
16 90
18 90
24 90
27 90
28 90
29 90
32 90
36 90
38 90
41 90
44 90
50 90
55 90
57 90
63 90
65 90
70 90
73 90
83 90
0 91
1 91
7 91
12 91
13 91
24 91
25 91
28 91
30 91
33 91
34 91
37 91
39 91
41 91
43 91
45 91
46 91
47 91
48 91
49 91
51 91
60 91
64 91
66 91
69 91
70 91
73 91
75 91
79 91
83 91
84 91
89 91
2 92
20 92
23 92
24 92
27 92
28 92
30 92
35 92
41 92
42 92
51 92
62 92
65 92
66 92
71 92
81 92
85 92
0 93
3 93
8 93
15 93
16 93
20 93
23 93
27 93
33 93
41 93
49 93
52 93
59 93
66 93
70 93
71 93
73 93
75 93
77 93
79 93
84 93
85 93
6 94
9 94
10 94
13 94
14 94
22 94
35 94
41 94
43 94
44 94
45 94
47 94
50 94
65 94
69 94
75 94
76 94
83 94
88 94
90 94
0 95
1 95
5 95
14 95
20 95
24 95
33 95
36 95
37 95
39 95
41 95
42 95
52 95
64 95
71 95
72 95
94 95
2 96
5 96
15 96
20 96
26 96
29 96
30 96
31 96
32 96
33 96
36 96
37 96
39 96
41 96
45 96
52 96
58 96
66 96
67 96
69 96
81 96
82 96
88 96
1 97
5 97
15 97
35 97
44 97
61 97
63 97
67 97
75 97
82 97
90 97
93 97
96 97
0 98
2 98
5 98
10 98
12 98
13 98
14 98
18 98
24 98
35 98
38 98
43 98
46 98
68 98
74 98
84 98
85 98
87 98
88 98
93 98
4 99
13 99
17 99
25 99
29 99
45 99
51 99
55 99
59 99
62 99
63 99
66 99
69 99
70 99
73 99
82 99
89 99
94 99
